Motion Sensor Data File Sep 21, 2018 12:30 PM
Time (s)	Velocity (cm/s)
1.270	NaN
1.280	32.078
1.290	34.658
1.300	35.045
1.310	36.808
1.320	35.905
1.330	38.098
1.340	37.195
1.350	38.098
1.360	35.948
1.370	36.765
1.380	34.658
1.390	33.325
1.400	31.218
1.410	30.358
1.420	26.875
1.430	24.768
1.440	21.715
1.450	18.318
1.460	17.028
1.470	12.685
1.480	10.578
1.490	5.848
1.500	4.085
1.510	-0.602
1.520	-2.752
1.530	-7.955
1.540	-9.632
1.550	-13.932
1.560	-16.125
1.570	-20.812
1.580	-22.102
1.590	-25.972
1.600	-26.875
1.610	-30.272
1.620	-31.132
1.630	-33.712
1.640	-34.185
1.650	-36.722
1.660	-37.582
1.670	-36.292
1.680	-38.012
1.690	-36.335
1.700	-37.152
1.710	-35.862
1.720	-35.432
1.730	-33.325
1.740	-32.422
1.750	-29.412
1.760	-28.982
1.770	-25.155
1.780	-24.252
1.790	-20.382
1.800	-18.232
1.810	-14.405
1.820	-11.352
1.830	-7.482
1.840	-4.945
1.850	-1.032
1.860	2.408
1.870	5.375
1.880	8.428
1.890	11.438
1.900	16.125
1.910	17.458
1.920	22.188
1.930	23.435
1.940	26.918
1.950	28.165
1.960	31.648
1.970	32.078
1.980	34.615
1.990	34.658
2.000	37.195
2.010	36.378
2.020	38.055
2.030	36.808
2.040	38.098
2.050	35.905
2.060	35.948
2.070	34.185
2.080	33.798
2.090	30.358
2.100	28.595
2.110	27.778
2.120	23.435
2.130	22.618
2.140	18.318
2.150	16.555
2.160	12.728
2.170	10.148
2.180	5.375
2.190	3.698
2.200	-1.032
2.210	-3.225
2.220	-7.912
2.230	-10.062
2.240	-14.405
2.250	-16.512
2.260	-20.812
2.270	-22.102
2.280	-26.445
2.290	-27.262
2.300	-30.702
2.310	-31.132
2.320	-34.185
2.330	-35.002
2.340	-35.432
2.350	-37.582
2.360	-35.905
2.370	-38.012
2.380	-35.862
2.390	-37.582
2.400	-35.475
2.410	-35.862
2.420	-33.282
2.430	-32.852
2.440	-29.885
2.450	-28.982
2.460	-25.542
2.470	-23.392
2.480	-19.565
2.490	-16.942
2.500	-13.932
2.510	-11.782
2.520	-7.095
2.530	-6.192
2.540	-1.462
2.550	1.075
2.560	5.418
2.570	10.148
2.580	11.825
2.590	17.888
2.600	18.275
2.610	22.618
2.620	23.908
2.630	27.305
2.640	28.208
2.650	31.648
2.660	31.605
2.670	35.518
2.680	34.615
2.690	37.238
2.700	35.905
2.710	38.528
2.720	36.808
2.730	37.625
2.740	35.518
2.750	36.765
2.760	33.798
2.770	31.648
2.780	32.035
2.790	28.208
2.800	27.305
2.810	23.478
2.820	22.618
2.830	18.275
2.840	16.168
2.850	11.825
2.860	10.148
2.870	5.418
2.880	3.225
2.890	-1.462
2.900	-4.042
2.910	-7.955
2.920	-10.492
2.930	-14.792
2.940	-16.942
2.950	-20.855
2.960	-22.102
2.970	-26.402
2.980	-27.262
2.990	-30.315
3.000	-32.422
3.010	-32.852
3.020	-35.432
3.030	-35.045
3.040	-37.152
3.050	-36.292
3.060	-37.582
3.070	-36.335
3.080	-37.582
3.090	-35.002
3.100	-35.432
3.110	-32.852
3.120	-32.035
3.130	-28.982
3.140	-28.552
3.150	-24.725
3.160	-23.392
3.170	-19.092
3.180	-17.802
3.190	-13.115
3.200	-11.352
3.210	-8.342
3.220	-4.085
3.230	-1.462
3.240	3.268
3.250	5.805
3.260	9.718
3.270	12.298
3.280	16.555
3.290	18.318
3.300	22.618
3.310	23.865
3.320	27.778
3.330	28.165
3.340	31.648
3.350	32.078
3.360	34.615
3.370	34.658
3.380	37.195
3.390	35.948
3.400	38.528
3.410	36.335
3.420	38.098
3.430	35.905
3.440	34.658
3.450	34.615
3.460	31.648
3.470	31.648
3.480	28.165
3.490	26.918
3.500	23.005
3.510	21.758
3.520	17.888
3.530	16.125
3.540	11.438
3.550	9.718
3.560	4.945
3.570	3.268
3.580	-1.892
3.590	-3.655
3.600	-8.342
3.610	-10.922
3.620	-15.265
3.630	-16.942
3.640	-21.672
3.650	-22.532
3.660	-26.015
3.670	-28.982
3.680	-29.412
3.690	-32.852
3.700	-32.895
3.710	-35.432
3.720	-35.002
3.730	-37.152
3.740	-36.335
3.750	-37.582
3.760	-36.292
3.770	-37.152
3.780	-35.432
3.790	-35.045
3.800	-32.422
3.810	-32.852
3.820	-29.412
3.830	-28.165
3.840	-24.252
3.850	-22.962
3.860	-18.662
3.870	-17.415
3.880	-14.362
3.890	-10.062
3.900	-7.955
3.910	-3.612
3.920	-1.462
3.930	4.085
3.940	5.418
3.950	11.438
3.960	13.115
3.970	17.028
3.980	18.748
3.990	22.575
4.000	24.338
4.010	27.305
4.020	29.068
4.030	31.648
4.040	32.465
4.050	34.658
4.060	35.475
4.070	36.378
4.080	36.378
4.090	38.055
4.100	36.808
4.110	35.905
4.120	36.808
4.130	34.615
4.140	34.658
4.150	31.218
4.160	31.605
4.170	27.778
4.180	26.875
4.190	22.618
4.200	22.188
4.210	17.415
4.220	15.738
4.230	11.438
4.240	8.815
4.250	4.988
4.260	2.838
4.270	-1.935
4.280	-4.472
4.290	-9.202
4.300	-10.535
4.310	-16.082
4.320	-16.942
4.330	-21.672
4.340	-24.295
4.350	-25.112
4.360	-28.552
4.370	-29.455
4.380	-32.852
4.390	-32.852
4.400	-35.432
4.410	-35.002
4.420	-37.195
4.430	-36.292
4.440	-38.012
4.450	-35.862
4.460	-36.765
4.470	-35.002
4.480	-35.002
4.490	-32.422
4.500	-32.035
4.510	-28.982
4.520	-27.692
4.530	-24.252
4.540	-22.575
4.550	-19.522
4.560	-16.082
4.570	-14.362
4.580	-9.675
4.590	-7.912
4.600	-3.612
4.610	-1.505
4.620	3.268
4.630	6.708
4.640	9.675
4.650	14.018
4.660	17.888
4.670	18.705
4.680	22.618
4.690	24.725
4.700	27.778
4.710	28.638
4.720	31.605
4.730	32.078
4.740	35.475
4.750	34.658
4.760	37.668
4.770	36.335
4.780	36.378
4.790	38.055
4.800	35.948
4.810	36.765
4.820	34.228
4.830	34.228
4.840	31.605
4.850	30.788
4.860	27.305
4.870	26.918
4.880	22.188
4.890	21.285
4.900	17.458
4.910	15.308
4.920	10.965
4.930	9.288
4.940	4.085
4.950	2.408
4.960	-2.322
4.970	-4.902
4.980	-8.815
4.990	-12.642
5.000	-13.932
5.010	-19.565
5.020	-19.952
5.030	-24.252
5.040	-25.112
5.050	-29.025
5.060	-29.412
5.070	-32.852
5.080	-32.852
5.090	-35.475
5.100	-35.432
5.110	-37.152
5.120	-36.292
5.130	-37.195
5.140	-36.292
5.150	-36.722
5.160	-34.572
5.170	-35.045
5.180	-31.992
5.190	-31.562
5.200	-28.552
5.210	-27.305
5.220	-25.542
5.230	-20.382
5.240	-19.522
5.250	-14.835
5.260	-13.932
5.270	-9.632
5.280	-7.095
5.290	-2.752
5.300	-0.172
5.310	4.558
5.320	6.235
5.330	11.438
5.340	12.685
5.350	17.888
5.360	18.748
5.370	23.005
5.380	24.338
5.390	27.778
5.400	28.595
5.410	32.508
5.420	32.035
5.430	35.518
5.440	34.615
5.450	35.088
5.460	38.098
5.470	36.335
5.480	37.668
5.490	35.475
5.500	36.378
5.510	34.228
5.520	33.755
5.530	31.218
5.540	30.745
5.550	27.348
5.560	26.058
5.570	22.575
5.580	20.898
5.590	16.985
5.600	14.878
5.610	10.578
5.620	8.385
5.630	4.128
5.640	1.978
5.650	-2.795
5.660	-6.192
5.670	-8.342
5.680	-13.115
5.690	-14.792
5.700	-19.092
5.710	-20.812
5.720	-24.295
5.730	-25.542
5.740	-28.982
5.750	-30.272
5.760	-32.465
5.770	-33.282
5.780	-35.432
5.790	-35.002
5.800	-37.195
5.810	-35.862
5.820	-37.582
5.830	-35.862
5.840	-36.765
5.850	-34.572
5.860	-35.002
5.870	-31.562
5.880	-31.132
5.890	-29.455
5.900	-26.402
5.910	-24.252
5.920	-20.855
5.930	-19.952
5.940	-15.222
5.950	-13.932
5.960	-9.675
5.970	-7.052
5.980	-2.752
5.990	0.215
6.000	4.988
6.010	7.138
6.020	10.965
6.030	13.588
6.040	18.318
6.050	18.705
6.060	23.478
6.070	24.295
6.080	28.208
6.090	28.208
6.100	31.605
6.110	33.798
6.120	34.185
6.130	36.378
6.140	35.518
6.150	37.195
6.160	36.378
6.170	37.625
6.180	35.518
6.190	36.378
6.200	33.755
6.210	34.228
6.220	31.175
6.230	29.928
6.240	27.348
6.250	26.015
6.260	21.758
6.270	20.855
6.280	16.598
6.290	15.308
6.300	10.105
6.310	7.998
6.320	4.128
6.330	0.215
6.340	-1.462
6.350	-6.622
6.360	-8.385
6.370	-13.072
6.380	-14.792
6.390	-18.705
6.400	-21.242
6.410	-24.252
6.420	-25.112
6.430	-29.455
6.440	-29.842
6.450	-33.282
6.460	-32.852
6.470	-35.475
6.480	-34.572
6.490	-36.722
6.500	-36.292
6.510	-37.582
6.520	-35.905
6.530	-36.292
6.540	-34.142
6.550	-34.572
6.560	-32.465
6.570	-29.842
6.580	-29.412
6.590	-25.542
6.600	-24.725
6.610	-20.382
6.620	-18.662
6.630	-14.792
6.640	-13.115
6.650	-8.772
6.660	-6.622
6.670	-2.365
6.680	0.258
6.690	4.988
6.700	6.665
6.710	11.438
6.720	13.588
6.730	17.845
6.740	19.178
6.750	23.435
6.760	24.338
6.770	26.918
6.780	30.315
6.790	30.788
6.800	33.325
6.810	33.798
6.820	36.378
6.830	35.905
6.840	37.238
6.850	36.335
6.860	37.238
6.870	35.948
6.880	35.475
6.890	33.798
6.900	33.325
6.910	30.788
6.920	29.885
6.930	26.918
6.940	26.058
6.950	21.285
6.960	20.898
6.970	16.168
6.980	14.835
6.990	9.718
7.000	7.138
7.010	4.515
7.020	0.258
7.030	-1.892
7.040	-7.095
7.050	-8.772
7.060	-13.072
7.070	-15.265
7.080	-19.522
7.090	-20.812
7.100	-24.682
7.110	-25.585
7.120	-29.412
7.130	-29.842
7.140	-32.852
7.150	-32.895
7.160	-35.432
7.170	-35.432
7.180	-37.152
7.190	-35.905
7.200	-37.152
7.210	-37.152
7.220	-35.432
7.230	-35.045
7.240	-33.282
7.250	-32.852
7.260	-29.412
7.270	-29.025
7.280	-25.542
7.290	-23.822
7.300	-20.382
7.310	-19.135
7.320	-15.222
7.330	-13.932
7.340	-8.342
7.350	-6.665
7.360	-1.032
7.370	0.688
7.380	4.945
7.390	7.998
7.400	12.298
7.410	13.545
7.420	18.318
7.430	19.995
7.440	22.188
7.450	26.058
7.460	27.305
7.470	30.358
7.480	31.175
7.490	33.798
7.500	34.228
7.510	36.335
7.520	35.518
7.530	37.195
7.540	35.948
7.550	37.668
7.560	35.905
7.570	35.518
7.580	33.755
7.590	33.368
7.600	30.315
7.610	30.358
7.620	26.058
7.630	25.585
7.640	21.758
7.650	20.468
7.660	15.265
7.670	13.588
7.680	10.535
7.690	7.138
7.700	3.698
7.710	0.215
7.720	-2.322
7.730	-6.622
7.740	-9.632
7.750	-13.115
7.760	-15.222
7.770	-19.522
7.780	-20.855
7.790	-24.682
7.800	-25.542
7.810	-29.842
7.820	-30.315
7.830	-32.852
7.840	-32.852
7.850	-35.432
7.860	-35.045
7.870	-37.152
7.880	-37.152
7.890	-35.862
7.900	-36.722
7.910	-34.615
7.920	-35.432
7.930	-32.852
7.940	-32.852
7.950	-29.025
7.960	-28.982
7.970	-25.112
7.980	-24.682
7.990	-19.995
8.000	-18.232
8.010	-14.362
8.020	-12.685
8.030	-8.772
8.040	-5.762
8.050	-2.322
8.060	0.645
8.070	5.418
8.080	7.525
8.090	12.298
8.100	13.588
8.110	17.415
8.120	20.898
8.130	22.618
8.140	25.585
8.150	27.348
8.160	30.315